1
10
1000
1001
1004
1008
1010
1014
1015
1017
1021
1029
1032
1036
1044
1045
1050
1051
1054
1055
1056
1057
1059
1061
1062
1063
1068
1072
1074
1076
1077
1084
1086
1087
1088
109
1094
1096
1097
1100
1101
1107
1112
1116
1117
112
1120
1124
1125
1132
1137
114
1140
1141
1142
1145
1150
1151
1155
1158
1164
1167
117
1177
1179
118
1181
1182
1183
1184
119
1193
1196
1198
1202
1203
1207
121
1211
1215
1220
1221
1223
1224
1228
123
1230
1231
1239
1242
1243
1246
1248
1252
1253
1260
1263
1264
1265
1266
1271
1272
1273
1274
1276
1279
1280
1283
1284
1285
1287
1291
1294
1296
1297
1298
1299
1301
1303
1306
131
1312
1314
1317
132
1322
1325
1329
1332
1335
1336
134
1340
1343
1344
1345
1347
1348
1350
1353
1354
1356
1359
136
1361
1367
1380
1381
1383
1387
1389
139
1390
1391
1395
1400
1404
1407
1413
1415
142
1421
1422
1425
1426
1427
1433
1434
1447
1448
1449
1450
1451
1457
1458
146
1464
1466
147
1476
148
1481
1483
1484
1489
149
1491
1493
1495
1496
1499
150
1501
1502
1507
151
1516
1517
152
1525
1530
1532
1538
1542
1543
1545
1546
1552
1555
1556
156
1565
1568
157
1574
1579
1581
1584
1586
1587
1588
1592
1593
1594
1597
1599
1601
1605
1609
1611
1613
1616
1618
162
1628
163
1632
1634
1635
1639
1647
1650
1655
1657
1658
1664
1666
1669
1671
1672
1673
1674
1675
1676
1678
168
1680
1684
1687
1688
169
1694
1695
1697
1705
1706
1709
1710
1712
1714
1716
1721
1724
1727
1728
173
1733
1735
1737
1743
1746
1749
175
1752
1755
1757
1758
1759
1764
1765
1767
1773
1776
1778
1779
1780
1790
1791
1793
18
1800
1803
1805
1806
1807
181
1818
182
1820
1823
1825
1826
1834
1835
1836
184
1841
1842
1850
1853
1857
1858
186
1860
1861
1865
1866
1867
1869
187
1870
1871
1873
1875
1879
1880
1881
1882
1883
1884
1885
1890
1897
1899
19
190
1901
1903
1904
1908
1911
1912
1913
1914
1916
1917
1918
1920
1922
1924
1926
1928
193
1930
1938
194
1940
1941
1943
1949
195
1950
1951
1954
1956
1958
1960
1962
1968
1969
1972
1974
1975
1976
1978
198
1980
1983
1987
1988
1991
1992
1993
1995
1996
1997
1998
1999
2000
2002
2003
2010
2011
2012
2015
2016
202
2020
2022
2023
2027
2029
2030
2035
204
2041
2042
2046
2047
2054
2060
2063
2065
2068
2070
2071
2073
2077
2078
2083
2084
2085
2092
2096
2097
2098
21
2100
2102
2105
2106
2108
2109
2110
2112
2115
2116
2120
2125
213
2134
2135
2136
214
2142
2145
2147
2148
215
2153
2154
2156
2162
2164
2165
2166
2168
2171
2173
2177
2178
2180
2181
2185
2188
2195
2198
220
2202
2206
2211
2214
2221
2223
2224
2225
2226
2229
223
2233
2236
2239
224
2242
2244
225
2255
2257
2258
2259
2260
2262
2263
2271
2288
2290
23
230
2300
2304
2305
231
2310
232
2321
2323
2337
2344
2350
2355
236
2367
237
2371
2374
2378
2379
2380
2383
2386
239
2395
2398
2403
2407
2411
2414
2418
2424
2427
243
2435
2436
2444
2446
2448
2454
2456
2457
2458
2459
246
2462
2468
2478
2484
2485
2489
2496
2501
2507
2510
2516
2529
2533
2534
2537
2541
2544
255
2555
2559
2562
2564
2565
2566
2567
2572
2574
2576
2579
258
2581
2583
2585
2591
2593
2595
2599
26
2604
2611
2617
2619
2624
2627
263
2634
2636
2638
2639
264
2641
2645
2648
2652
2658
2660
2661
2664
2665
2666
2676
2679
2680
2681
2682
2683
2688
2689
2691
2692
2698
2699
271
2718
272
2723
2724
273
2730
2731
2737
2742
2744
2747
2748
2750
2752
2753
2754
2756
2761
2764
2765
2766
2768
2771
2778
2779
2782
2787
2788
2792
2796
2799
28
2806
2807
2809
2810
2812
2817
2818
2823
2824
2831
2837
2839
284
2840
2848
2849
2853
2858
2859
2862
2863
2872
2873
2874
2878
2880
2885
2887
2888
2889
2895
2896
2900
2902
2903
2905
2907
2909
2913
2915
2924
2926
2928
293
2931
2933
2934
2936
2938
2939
294
2941
2950
2951
2955
2966
2967
2968
2970
2972
2979
2980
2985
2987
2989
299
2994
2995
2996
2999
300
3001
3002
3004
3006
3007
301
3012
3013
3014
3017
3018
302
3025
3026
3028
3031
3032
3033
3036
3041
3048
3051
3054
3056
3057
3058
306
3065
3066
3067
307
3073
3074
3075
3077
308
3081
3087
3090
3095
3098
310
3101
3108
3110
3113
3118
3125
3130
3138
314
3145
3146
3147
3151
3154
3155
3157
3158
3160
3161
3163
3167
3170
3174
3177
3180
3182
3185
3189
3190
3192
3195
3196
3199
3205
3206
3207
3208
321
3213
3216
3217
3219
3226
3227
3229
3230
3232
3236
3237
3240
3249
325
3253
3254
3259
326
3260
3261
3262
3265
3267
3269
3270
3272
3274
3276
3277
3280
3281
3285
329
3292
3297
3301
3306
3308
3309
3311
3312
3313
3314
3315
3320
3327
3329
333
3336
3344
3345
3346
3349
3353
3356
3362
3363
3365
337
3370
3371
3378
338
3380
3382
3387
3389
3391
3394
3398
3399
34
340
3401
3402
3403
3407
3408
3410
3411
3412
3414
3415
3416
3418
3423
343
3430
3433
3434
3437
3438
3442
3445
3447
3450
3453
3454
3458
346
3462
3464
3465
3469
3470
3471
3475
3476
3479
3483
3484
3486
3490
3491
3498
3499
350
3501
3502
3503
3507
3509
351
3510
3511
3512
3513
3515
3518
3519
352
3521
3526
3527
3532
3533
3536
3538
3539
3540
355
3550
3557
3558
3559
3560
3561
3562
3567
3569
3572
3573
3576
3579
3589
3590
3592
3593
3594
3596
3597
3599
36
3600
3601
3608
3609
3611
3614
3615
3617
3618
3621
3622
3624
3626
3639
3645
3648
3650
3652
366
3661
3665
3667
3669
3675
3676
3679
368
3681
3683
3685
3686
3687
3689
369
3690
3691
3693
3695
3696
3701
3702
3704
3705
3706
3709
3710
3711
3712
3713
3715
3716
3717
372
3720
3721
3724
3726
3729
3735
3737
3738
3741
3743
3746
3749
3750
3751
3752
3753
3755
3756
3757
3758
3759
376
3760
3763
3766
3768
3769
3770
3773
3774
3775
3777
3778
378
3780
3784
3789
3790
3792
3796
3799
38
380
3804
3808
3813
3815
3816
3819
3821
3822
3823
3824
3832
3834
3840
3841
3842
3843
3845
3848
385
3850
3853
3857
3859
386
3862
3864
3868
3871
3872
3881
3883
3884
3885
3886
3887
389
3890
3892
3900
3904
3907
3912
3913
3916
392
3921
3929
3930
3933
3934
3935
3940
3942
3943
3945
3946
3948
395
3951
3953
3958
3963
3967
3970
3971
3974
3975
3976
3977
3992
3993
3994
3996
3997
3999
4001
4005
4007
4016
402
4021
4022
4023
4028
403
4033
4036
4037
4041
4043
4048
4050
4055
4058
4059
4060
4062
4063
4064
4077
4079
4081
4082
4085
4086
4088
4089
4090
4092
4093
4094
4096
4099
4104
4106
411
4112
4114
4115
4116
4118
412
4122
4124
4126
413
4133
4137
4140
4141
4144
4149
4150
4152
4153
4159
4165
4167
417
4177
4179
418
4183
4186
4190
4191
4194
4197
420
4204
4206
4213
4215
4217
4220
4224
4225
4226
4229
4231
4233
4234
4237
4238
424
4242
425
4251
4253
4258
4260
4261
4265
4269
4271
4275
4277
428
4285
4286
429
4290
4294
4299
4300
4303
4305
4309
4310
4312
4315
4316
4318
4322
4329
4335
4337
434
4342
4343
4344
4345
4346
4347
4352
4356
4360
4361
4363
4367
437
4375
4379
438
4384
4386
4387
4388
4389
4390
4395
4399
44
4407
4408
4409
4414
4416
4422
4425
4427
4430
4436
4437
4438
444
4443
4444
4446
4448
4449
4451
4452
4456
4458
4470
4473
4478
4480
4482
4489
45
4502
4506
4507
4509
451
4510
4512
4513
4517
4518
4522
4523
4524
453
4530
4531
4533
4535
4536
4538
4540
4541
4543
4546
4553
4556
456
4560
4561
4562
4571
4572
4578
4579
4581
4585
4588
4589
4591
4592
4595
4596
4598
4599
4601
4602
4606
4607
4610
462
4626
463
4631
4633
4635
4637
4638
4640
4641
4643
4647
4650
4653
4655
4656
4658
4659
4666
4669
467
4671
4673
4681
4682
4687
4695
4701
4704
4705
4708
4711
4715
4718
4725
4729
4731
4732
4736
4739
474
4744
4745
4746
4748
4750
4754
4757
4759
4764
4765
4776
4779
478
4781
4784
4785
4786
4788
479
4790
4794
4796
4797
4799
48
4808
4813
4814
4818
4819
482
4823
4824
4830
4831
4834
4835
4837
4840
4841
4847
4855
4858
4861
4864
4865
4867
4876
4877
4884
4887
4889
4890
4897
4898
4899
49
490
4902
4904
4905
4906
4908
4909
491
4914
4915
4916
4918
4921
4922
4925
4926
4927
4928
4932
4934
4937
4939
4942
4945
4946
4948
495
4950
4951
4953
4954
4957
4958
496
4961
4963
4964
4967
4971
4972
4973
4975
4979
4983
4989
499
4990
4995
4998
4999
5005
5009
5011
5015
5026
5032
5034
5035
5037
5038
5042
5046
5047
5049
5053
5054
5061
5065
5070
5074
5077
5081
5083
5084
5086
5087
509
5090
5093
5099
51
5100
5102
5106
5107
5108
5114
5118
5120
5121
5126
5131
5135
5136
5137
5138
5140
5143
5150
5156
5158
516
5161
5163
5164
5165
5167
5168
5172
5173
5176
5178
5180
5183
5184
5188
519
5190
5193
5196
5200
5205
5206
5208
5210
5220
5222
5225
523
5230
5231
5232
5239
524
5243
5253
5256
5264
5265
5268
5270
5271
5273
5276
5277
528
5282
5283
5286
5289
529
5291
5293
5301
5302
5305
5306
531
5312
5317
5319
5320
5321
5322
5323
5324
5325
5326
533
5331
5339
5342
5343
5345
5347
5350
5355
5359
536
5361
5364
5365
5366
5367
5371
5375
5376
5381
5384
5386
5387
539
5390
5394
5396
5397
5401
5402
5403
5404
5406
541
5412
5415
5416
5418
5420
5424
5427
5428
543
5431
5441
5446
5448
5452
5453
5455
5456
5457
5458
546
5461
5463
5474
5478
5479
5482
5483
5485
5488
549
5490
5492
5493
5496
5497
550
5500
5501
5504
5505
5511
5512
5519
5521
5522
5523
5524
5525
5530
5535
5543
5545
555
5550
5555
5556
5557
5558
556
5560
5563
5565
5570
5571
5575
5578
5583
5587
5593
5596
5598
56
5600
5602
5605
5607
5610
5614
5615
5618
5620
5621
5627
5629
563
5630
5631
5634
5635
5636
5637
5641
5643
5644
5645
5649
5650
5651
5654
5657
5659
566
5661
5662
5663
5664
5667
5674
5675
5676
5678
5684
5686
5688
5689
5698
5699
5700
5701
5702
5705
5706
5707
5716
5717
5720
5721
5723
5728
5730
5734
5738
574
5740
5742
5746
5747
5748
5749
575
5751
5752
5753
5754
5757
5759
576
5760
5761
5762
5763
5769
577
5776
5777
5779
5780
5782
5788
579
5790
5795
5801
5807
5808
5809
5823
5824
5825
5827
5829
583
5831
5833
5838
5839
5840
5841
5843
5845
5847
5848
585
5854
5857
5858
5861
5862
5864
5868
5869
5871
5875
588
5880
5881
5886
5887
5888
5889
5890
5896
590
5903
5905
5908
5911
5915
5920
5921
5925
5930
5931
5935
5938
5943
5949
595
5953
5954
5955
5957
5959
5964
5971
5972
5978
5980
5982
5985
5989
5991
5995
5996
6
60
6000
6006
601
6010
6011
6013
6015
6016
6021
6022
6025
6032
6035
6040
605
606
610
611
613
615
620
623
624
626
628
629
630
631
634
635
637
641
645
646
65
653
656
660
662
664
669
676
678
68
681
685
690
691
692
696
697
698
699
701
702
705
707
710
712
714
715
716
718
719
721
722
726
729
73
731
733
735
736
737
739
743
746
749
75
752
753
754
755
757
76
761
765
770
774
776
777
78
780
781
783
788
791
795
798
8
80
801
802
808
809
813
816
817
822
823
832
839
840
843
844
849
851
854
855
858
865
866
869
877
880
881
885
888
889
890
891
894
895
896
899
9
90
918
92
924
925
926
929
931
933
934
935
936
938
940
946
948
949
951
953
954
955
956
957
96
963
967
973
977
979
980
983
984
985
99
990
996
997
